[11, 17]
[16, 8]
[12, 7]
[2, 4]
[12, 5]
[15, 11]
[5, 1]
[14, 6]
[6, 6]
[1, 15]
[2, 3]
[11, 19]
[15, 4]
[16, 6]
[10, 10]
[18, 19]
[16, 19]
[5, 10]
[7, 14]
[8, 16]
[9, 16]
[12, 4]
[6, 9]
[18, 5]
[15, 9]
[14, 9]
[4, 14]
[1, 19]
[9, 5]
[5, 19]
[10, 4]
[9, 12]
[13, 10]
[17, 16]
[19, 4]
[6, 16]
[17, 5]
[4, 10]
[15, 3]
[1, 3]
[10, 16]
[18, 18]
[14, 18]
[1, 9]
[13, 13]
[7, 19]
[8, 8]
[17, 8]
[8, 5]
[18, 17]
[14, 14]
[5, 5]
[1, 18]
[19, 19]
[10, 11]
[4, 8]
